Generation Density Population
1 0,10 88
2 0,10 35
3 0,10 22
4 0,10 26
5 0,10 27
6 0,10 28
7 0,10 30
8 0,10 29
9 0,10 30
10 0,10 33
11 0,10 32
12 0,10 39
13 0,10 32
14 0,10 32
15 0,10 31
16 0,10 34
17 0,10 37
18 0,10 40
19 0,10 40
20 0,10 44
21 0,10 46
22 0,10 56
23 0,10 46
24 0,10 53
25 0,10 48
26 0,10 58
27 0,10 51
28 0,10 67
29 0,10 60
30 0,10 66
31 0,10 51
32 0,10 52
33 0,10 50
34 0,10 52
35 0,10 51
36 0,10 51
37 0,10 51
38 0,10 50
39 0,10 43
40 0,10 53
41 0,10 44
42 0,10 49
43 0,10 46
44 0,10 43
45 0,10 45
46 0,10 53
47 0,10 48
48 0,10 53
49 0,10 53
50 0,10 49
51 0,10 58
52 0,10 51
53 0,10 59
54 0,10 56
55 0,10 50
56 0,10 38
57 0,10 38
58 0,10 38
59 0,10 42
60 0,10 44
61 0,10 48
62 0,10 51
63 0,10 58
64 0,10 69
65 0,10 57
66 0,10 58
67 0,10 55
68 0,10 56
69 0,10 54
70 0,10 66
71 0,10 53
72 0,10 53
73 0,10 48
74 0,10 47
75 0,10 58
76 0,10 48
77 0,10 42
78 0,10 42
79 0,10 39
80 0,10 41
81 0,10 41
82 0,10 54
83 0,10 43
84 0,10 40
85 0,10 43
86 0,10 39
87 0,10 48
88 0,10 38
89 0,10 41
90 0,10 38
91 0,10 44
92 0,10 38
93 0,10 37
94 0,10 37
95 0,10 39
96 0,10 38
97 0,10 41
98 0,10 34
99 0,10 37
100 0,10 31
101 0,10 30
102 0,10 27
103 0,10 29
104 0,10 31
105 0,10 32
106 0,10 34
107 0,10 36
108 0,10 35
109 0,10 40
110 0,10 39
111 0,10 47
112 0,10 45
113 0,10 55
114 0,10 59
115 0,10 78
116 0,10 53
117 0,10 51
118 0,10 52
119 0,10 56
120 0,10 56
121 0,10 45
122 0,10 48
123 0,10 55
124 0,10 45
125 0,10 48
126 0,10 50
127 0,10 40
128 0,10 37
129 0,10 33
130 0,10 36
131 0,10 33
132 0,10 35
133 0,10 32
134 0,10 32
135 0,10 29
136 0,10 34
137 0,10 36
138 0,10 36
139 0,10 41
140 0,10 41
141 0,10 45
142 0,10 41
143 0,10 39
144 0,10 43
145 0,10 38
146 0,10 37
147 0,10 39
148 0,10 40
149 0,10 44
150 0,10 43
151 0,10 45
152 0,10 49
153 0,10 58
154 0,10 60
155 0,10 57
156 0,10 70
157 0,10 52
158 0,10 59
159 0,10 52
160 0,10 48
161 0,10 51
162 0,10 59
163 0,10 56
164 0,10 69
165 0,10 49
166 0,10 38
167 0,10 39
168 0,10 31
169 0,10 33
170 0,10 27
171 0,10 28
172 0,10 27
173 0,10 27
174 0,10 27
175 0,10 29
176 0,10 33
177 0,10 31
178 0,10 41
179 0,10 35
180 0,10 51
181 0,10 43
182 0,10 59
183 0,10 51
184 0,10 59
185 0,10 63
186 0,10 75
187 0,10 39
188 0,10 43
189 0,10 43
190 0,10 43
191 0,10 43
192 0,10 43
193 0,10 43
194 0,10 43
195 0,10 43
196 0,10 43
197 0,10 43
1 0,20 205
2 0,20 198
3 0,20 168
4 0,20 148
5 0,20 142
6 0,20 121
7 0,20 116
8 0,20 112
9 0,20 109
10 0,20 112
11 0,20 115
12 0,20 110
13 0,20 106
14 0,20 116
15 0,20 96
16 0,20 95
17 0,20 92
18 0,20 100
19 0,20 109
20 0,20 104
21 0,20 118
22 0,20 116
23 0,20 122
24 0,20 126
25 0,20 132
26 0,20 125
27 0,20 146
28 0,20 130
29 0,20 141
30 0,20 135
31 0,20 124
32 0,20 125
33 0,20 111
34 0,20 110
35 0,20 112
36 0,20 106
37 0,20 102
38 0,20 109
39 0,20 109
40 0,20 109
41 0,20 122
42 0,20 117
43 0,20 126
44 0,20 108
45 0,20 128
46 0,20 128
47 0,20 124
48 0,20 129
49 0,20 120
50 0,20 135
51 0,20 129
52 0,20 133
53 0,20 151
54 0,20 147
55 0,20 140
56 0,20 133
57 0,20 132
58 0,20 126
59 0,20 141
60 0,20 120
61 0,20 112
62 0,20 101
63 0,20 107
64 0,20 108
65 0,20 121
66 0,20 111
67 0,20 114
68 0,20 110
69 0,20 114
70 0,20 123
71 0,20 128
72 0,20 120
73 0,20 112
74 0,20 110
75 0,20 118
76 0,20 127
77 0,20 118
78 0,20 146
79 0,20 123
80 0,20 127
81 0,20 117
82 0,20 111
83 0,20 113
84 0,20 106
85 0,20 112
86 0,20 120
87 0,20 120
88 0,20 121
89 0,20 116
90 0,20 114
91 0,20 122
92 0,20 112
93 0,20 130
94 0,20 112
95 0,20 108
96 0,20 113
97 0,20 132
98 0,20 127
99 0,20 118
100 0,20 125
101 0,20 119
102 0,20 125
103 0,20 116
104 0,20 118
105 0,20 118
106 0,20 97
107 0,20 111
108 0,20 99
109 0,20 110
110 0,20 102
111 0,20 122
112 0,20 120
113 0,20 113
114 0,20 123
115 0,20 116
116 0,20 97
117 0,20 103
118 0,20 99
119 0,20 104
120 0,20 96
121 0,20 99
122 0,20 107
123 0,20 100
124 0,20 95
125 0,20 92
126 0,20 89
127 0,20 86
128 0,20 91
129 0,20 96
130 0,20 111
131 0,20 98
132 0,20 102
133 0,20 83
134 0,20 82
135 0,20 82
136 0,20 76
137 0,20 83
138 0,20 71
139 0,20 82
140 0,20 83
141 0,20 96
142 0,20 80
143 0,20 84
144 0,20 85
145 0,20 75
146 0,20 70
147 0,20 66
148 0,20 67
149 0,20 75
150 0,20 67
151 0,20 67
152 0,20 68
153 0,20 75
154 0,20 73
155 0,20 77
156 0,20 81
157 0,20 84
158 0,20 84
159 0,20 85
160 0,20 80
161 0,20 76
162 0,20 79
163 0,20 71
164 0,20 73
165 0,20 72
166 0,20 79
167 0,20 76
168 0,20 86
169 0,20 77
170 0,20 81
171 0,20 89
172 0,20 88
173 0,20 78
174 0,20 90
175 0,20 81
176 0,20 83
177 0,20 102
178 0,20 91
179 0,20 85
180 0,20 91
181 0,20 71
182 0,20 75
183 0,20 70
184 0,20 70
185 0,20 66
186 0,20 74
187 0,20 63
188 0,20 63
189 0,20 57
190 0,20 58
191 0,20 61
192 0,20 66
193 0,20 58
194 0,20 57
195 0,20 62
196 0,20 72
197 0,20 55
198 0,20 58
199 0,20 53
200 0,20 52
1 0,30 298
2 0,30 354
3 0,30 298
4 0,30 267
5 0,30 278
6 0,30 286
7 0,30 261
8 0,30 282
9 0,30 282
10 0,30 257
11 0,30 264
12 0,30 269
13 0,30 271
14 0,30 249
15 0,30 232
16 0,30 220
17 0,30 224
18 0,30 210
19 0,30 194
20 0,30 194
21 0,30 201
22 0,30 188
23 0,30 202
24 0,30 185
25 0,30 154
26 0,30 165
27 0,30 170
28 0,30 154
29 0,30 155
30 0,30 163
31 0,30 162
32 0,30 150
33 0,30 147
34 0,30 146
35 0,30 157
36 0,30 138
37 0,30 142
38 0,30 149
39 0,30 149
40 0,30 161
41 0,30 132
42 0,30 139
43 0,30 130
44 0,30 131
45 0,30 137
46 0,30 125
47 0,30 108
48 0,30 108
49 0,30 95
50 0,30 96
51 0,30 95
52 0,30 104
53 0,30 98
54 0,30 89
55 0,30 91
56 0,30 116
57 0,30 106
58 0,30 103
59 0,30 108
60 0,30 116
61 0,30 117
62 0,30 119
63 0,30 127
64 0,30 132
65 0,30 130
66 0,30 136
67 0,30 146
68 0,30 150
69 0,30 145
70 0,30 147
71 0,30 159
72 0,30 154
73 0,30 152
74 0,30 121
75 0,30 133
76 0,30 119
77 0,30 108
78 0,30 104
79 0,30 100
80 0,30 112
81 0,30 102
82 0,30 103
83 0,30 108
84 0,30 106
85 0,30 102
86 0,30 108
87 0,30 120
88 0,30 114
89 0,30 117
90 0,30 134
91 0,30 126
92 0,30 143
93 0,30 132
94 0,30 145
95 0,30 122
96 0,30 124
97 0,30 110
98 0,30 112
99 0,30 122
100 0,30 118
101 0,30 141
102 0,30 125
103 0,30 116
104 0,30 119
105 0,30 130
106 0,30 104
107 0,30 112
108 0,30 102
109 0,30 96
110 0,30 85
111 0,30 76
112 0,30 80
113 0,30 67
114 0,30 75
115 0,30 70
116 0,30 71
117 0,30 65
118 0,30 66
119 0,30 64
120 0,30 72
121 0,30 73
122 0,30 68
123 0,30 70
124 0,30 56
125 0,30 54
126 0,30 57
127 0,30 60
128 0,30 67
129 0,30 68
130 0,30 75
131 0,30 77
132 0,30 88
133 0,30 71
134 0,30 87
135 0,30 70
136 0,30 65
137 0,30 65
138 0,30 69
139 0,30 62
140 0,30 62
141 0,30 64
142 0,30 70
143 0,30 67
144 0,30 71
145 0,30 64
146 0,30 75
147 0,30 64
148 0,30 64
149 0,30 70
150 0,30 66
151 0,30 74
152 0,30 75
153 0,30 73
154 0,30 80
155 0,30 71
156 0,30 73
157 0,30 76
158 0,30 77
159 0,30 93
160 0,30 79
161 0,30 87
162 0,30 69
163 0,30 73
164 0,30 57
165 0,30 58
166 0,30 63
167 0,30 72
168 0,30 78
169 0,30 91
170 0,30 88
171 0,30 104
172 0,30 104
173 0,30 93
174 0,30 92
175 0,30 98
176 0,30 97
177 0,30 101
178 0,30 104
179 0,30 112
180 0,30 108
181 0,30 88
182 0,30 93
183 0,30 95
184 0,30 99
185 0,30 95
186 0,30 93
187 0,30 92
188 0,30 90
189 0,30 96
190 0,30 95
191 0,30 82
192 0,30 88
193 0,30 85
194 0,30 83
195 0,30 73
196 0,30 67
197 0,30 65
198 0,30 73
199 0,30 75
200 0,30 70
1 0,40 412
2 0,40 341
3 0,40 295
4 0,40 245
5 0,40 262
6 0,40 245
7 0,40 227
8 0,40 216
9 0,40 210
10 0,40 220
11 0,40 205
12 0,40 177
13 0,40 193
14 0,40 158
15 0,40 169
16 0,40 136
17 0,40 131
18 0,40 133
19 0,40 124
20 0,40 134
21 0,40 128
22 0,40 129
23 0,40 139
24 0,40 133
25 0,40 144
26 0,40 144
27 0,40 148
28 0,40 138
29 0,40 139
30 0,40 132
31 0,40 121
32 0,40 137
33 0,40 136
34 0,40 132
35 0,40 129
36 0,40 121
37 0,40 125
38 0,40 125
39 0,40 90
40 0,40 91
41 0,40 93
42 0,40 75
43 0,40 70
44 0,40 66
45 0,40 72
46 0,40 73
47 0,40 72
48 0,40 88
49 0,40 65
50 0,40 70
51 0,40 64
52 0,40 69
53 0,40 67
54 0,40 66
55 0,40 66
56 0,40 72
57 0,40 74
58 0,40 78
59 0,40 64
60 0,40 59
61 0,40 56
62 0,40 64
63 0,40 57
64 0,40 62
65 0,40 64
66 0,40 64
67 0,40 59
68 0,40 57
69 0,40 66
70 0,40 62
71 0,40 63
72 0,40 61
73 0,40 74
74 0,40 80
75 0,40 90
76 0,40 89
77 0,40 94
78 0,40 95
79 0,40 89
80 0,40 92
81 0,40 99
82 0,40 86
83 0,40 90
84 0,40 86
85 0,40 82
86 0,40 95
87 0,40 100
88 0,40 85
89 0,40 101
90 0,40 101
91 0,40 116
92 0,40 103
93 0,40 110
94 0,40 90
95 0,40 82
96 0,40 78
97 0,40 64
98 0,40 62
99 0,40 53
100 0,40 55
101 0,40 52
102 0,40 59
103 0,40 55
104 0,40 61
105 0,40 53
106 0,40 63
107 0,40 49
108 0,40 59
109 0,40 57
110 0,40 69
111 0,40 63
112 0,40 64
113 0,40 66
114 0,40 75
115 0,40 55
116 0,40 60
117 0,40 56
118 0,40 65
119 0,40 65
120 0,40 60
121 0,40 74
122 0,40 61
123 0,40 59
124 0,40 61
125 0,40 48
126 0,40 46
127 0,40 37
128 0,40 39
129 0,40 30
130 0,40 26
131 0,40 22
132 0,40 20
133 0,40 23
134 0,40 21
135 0,40 20
136 0,40 22
137 0,40 22
138 0,40 22
139 0,40 22
140 0,40 22
141 0,40 22
142 0,40 22
143 0,40 22
144 0,40 22
145 0,40 22
1 0,50 511
2 0,50 260
3 0,50 240
4 0,50 254
5 0,50 247
6 0,50 201
7 0,50 208
8 0,50 183
9 0,50 208
10 0,50 216
11 0,50 212
12 0,50 187
13 0,50 204
14 0,50 176
15 0,50 175
16 0,50 193
17 0,50 190
18 0,50 192
19 0,50 201
20 0,50 180
21 0,50 186
22 0,50 189
23 0,50 163
24 0,50 160
25 0,50 174
26 0,50 176
27 0,50 166
28 0,50 185
29 0,50 201
30 0,50 175
31 0,50 164
32 0,50 169
33 0,50 186
34 0,50 186
35 0,50 189
36 0,50 187
37 0,50 169
38 0,50 150
39 0,50 163
40 0,50 148
41 0,50 151
42 0,50 133
43 0,50 152
44 0,50 129
45 0,50 142
46 0,50 132
47 0,50 133
48 0,50 156
49 0,50 126
50 0,50 120
51 0,50 136
52 0,50 132
53 0,50 153
54 0,50 146
55 0,50 172
56 0,50 168
57 0,50 173
58 0,50 159
59 0,50 166
60 0,50 160
61 0,50 162
62 0,50 142
63 0,50 130
64 0,50 138
65 0,50 132
66 0,50 130
67 0,50 132
68 0,50 121
69 0,50 151
70 0,50 125
71 0,50 138
72 0,50 131
73 0,50 139
74 0,50 154
75 0,50 159
76 0,50 145
77 0,50 133
78 0,50 140
79 0,50 147
80 0,50 133
81 0,50 155
82 0,50 119
83 0,50 130
84 0,50 136
85 0,50 133
86 0,50 150
87 0,50 135
88 0,50 153
89 0,50 139
90 0,50 134
91 0,50 138
92 0,50 148
93 0,50 150
94 0,50 142
95 0,50 161
96 0,50 139
97 0,50 144
98 0,50 144
99 0,50 149
100 0,50 158
101 0,50 174
102 0,50 161
103 0,50 159
104 0,50 164
105 0,50 162
106 0,50 187
107 0,50 180
108 0,50 222
109 0,50 188
110 0,50 205
111 0,50 184
112 0,50 185
113 0,50 194
114 0,50 171
115 0,50 187
116 0,50 175
117 0,50 181
118 0,50 192
119 0,50 159
120 0,50 167
121 0,50 151
122 0,50 136
123 0,50 153
124 0,50 155
125 0,50 158
126 0,50 147
127 0,50 152
128 0,50 142
129 0,50 145
130 0,50 140
131 0,50 141
132 0,50 137
133 0,50 135
134 0,50 139
135 0,50 140
136 0,50 154
137 0,50 145
138 0,50 142
139 0,50 146
140 0,50 130
141 0,50 113
142 0,50 113
143 0,50 130
144 0,50 137
145 0,50 143
146 0,50 165
147 0,50 146
148 0,50 176
149 0,50 177
150 0,50 169
151 0,50 168
152 0,50 152
153 0,50 156
154 0,50 153
155 0,50 144
156 0,50 143
157 0,50 142
158 0,50 127
159 0,50 137
160 0,50 127
161 0,50 111
162 0,50 124
163 0,50 116
164 0,50 102
165 0,50 118
166 0,50 102
167 0,50 110
168 0,50 113
169 0,50 105
170 0,50 103
171 0,50 104
172 0,50 110
173 0,50 124
174 0,50 124
175 0,50 127
176 0,50 131
177 0,50 142
178 0,50 145
179 0,50 140
180 0,50 141
181 0,50 148
182 0,50 168
183 0,50 161
184 0,50 152
185 0,50 136
186 0,50 126
187 0,50 138
188 0,50 115
189 0,50 117
190 0,50 101
191 0,50 97
192 0,50 93
193 0,50 78
194 0,50 85
195 0,50 94
196 0,50 110
197 0,50 96
198 0,50 108
199 0,50 115
200 0,50 125
1 0,60 599
2 0,60 138
3 0,60 125
4 0,60 105
5 0,60 107
6 0,60 83
7 0,60 75
8 0,60 84
9 0,60 87
10 0,60 88
11 0,60 102
12 0,60 88
13 0,60 110
14 0,60 99
15 0,60 108
16 0,60 97
17 0,60 99
18 0,60 96
19 0,60 95
20 0,60 96
21 0,60 88
22 0,60 101
23 0,60 88
24 0,60 100
25 0,60 92
26 0,60 98
27 0,60 101
28 0,60 112
29 0,60 113
30 0,60 116
31 0,60 106
32 0,60 109
33 0,60 103
34 0,60 89
35 0,60 82
36 0,60 83
37 0,60 65
38 0,60 61
39 0,60 68
40 0,60 67
41 0,60 67
42 0,60 75
43 0,60 72
44 0,60 61
45 0,60 58
46 0,60 60
47 0,60 47
48 0,60 46
49 0,60 34
50 0,60 42
51 0,60 37
52 0,60 43
53 0,60 44
54 0,60 46
55 0,60 49
56 0,60 58
57 0,60 68
58 0,60 78
59 0,60 69
60 0,60 78
61 0,60 76
62 0,60 89
63 0,60 72
64 0,60 75
65 0,60 72
66 0,60 80
67 0,60 82
68 0,60 71
69 0,60 91
70 0,60 74
71 0,60 82
72 0,60 72
73 0,60 83
74 0,60 72
75 0,60 79
76 0,60 71
77 0,60 83
78 0,60 85
79 0,60 75
80 0,60 54
81 0,60 51
82 0,60 51
83 0,60 46
84 0,60 42
85 0,60 47
86 0,60 49
87 0,60 55
88 0,60 54
89 0,60 45
90 0,60 47
91 0,60 46
92 0,60 53
93 0,60 48
94 0,60 51
95 0,60 61
96 0,60 53
97 0,60 58
98 0,60 61
99 0,60 63
100 0,60 66
101 0,60 69
102 0,60 62
103 0,60 58
104 0,60 47
105 0,60 55
106 0,60 49
107 0,60 44
108 0,60 39
109 0,60 40
110 0,60 39
111 0,60 42
112 0,60 41
113 0,60 51
114 0,60 35
115 0,60 44
116 0,60 42
117 0,60 53
118 0,60 51
119 0,60 59
120 0,60 61
121 0,60 66
122 0,60 72
123 0,60 66
124 0,60 67
125 0,60 54
126 0,60 72
127 0,60 70
128 0,60 75
129 0,60 72
130 0,60 84
131 0,60 76
132 0,60 64
133 0,60 56
134 0,60 55
135 0,60 59
136 0,60 44
137 0,60 49
138 0,60 44
139 0,60 50
140 0,60 47
141 0,60 54
142 0,60 57
143 0,60 69
144 0,60 57
145 0,60 66
146 0,60 64
147 0,60 75
148 0,60 73
149 0,60 81
150 0,60 83
151 0,60 88
152 0,60 94
153 0,60 88
154 0,60 89
155 0,60 76
156 0,60 94
157 0,60 92
158 0,60 101
159 0,60 96
160 0,60 118
161 0,60 92
162 0,60 78
163 0,60 78
164 0,60 85
165 0,60 89
166 0,60 78
167 0,60 87
168 0,60 84
169 0,60 100
170 0,60 91
171 0,60 102
172 0,60 117
173 0,60 121
174 0,60 125
175 0,60 118
176 0,60 120
177 0,60 131
178 0,60 121
179 0,60 135
180 0,60 134
181 0,60 114
182 0,60 125
183 0,60 126
184 0,60 131
185 0,60 133
186 0,60 138
187 0,60 121
188 0,60 123
189 0,60 139
190 0,60 111
191 0,60 109
192 0,60 105
193 0,60 97
194 0,60 107
195 0,60 99
196 0,60 125
197 0,60 115
198 0,60 125
199 0,60 135
200 0,60 153
1 0,70 695
2 0,70 50
3 0,70 45
4 0,70 35
5 0,70 37
6 0,70 33
7 0,70 37
8 0,70 35
9 0,70 33
10 0,70 39
11 0,70 43
12 0,70 49
13 0,70 58
14 0,70 59
15 0,70 63
16 0,70 68
17 0,70 66
18 0,70 78
19 0,70 65
20 0,70 63
21 0,70 52
22 0,70 63
23 0,70 65
24 0,70 69
25 0,70 76
26 0,70 76
27 0,70 85
28 0,70 88
29 0,70 96
30 0,70 100
31 0,70 101
32 0,70 95
33 0,70 86
34 0,70 74
35 0,70 77
36 0,70 66
37 0,70 72
38 0,70 68
39 0,70 67
40 0,70 72
41 0,70 70
42 0,70 87
43 0,70 87
44 0,70 73
45 0,70 77
46 0,70 91
47 0,70 97
48 0,70 88
49 0,70 103
50 0,70 100
51 0,70 118
52 0,70 106
53 0,70 107
54 0,70 106
55 0,70 107
56 0,70 108
57 0,70 107
58 0,70 107
59 0,70 112
60 0,70 104
61 0,70 99
62 0,70 109
63 0,70 88
64 0,70 88
65 0,70 96
66 0,70 91
67 0,70 94
68 0,70 91
69 0,70 77
70 0,70 81
71 0,70 102
72 0,70 86
73 0,70 94
74 0,70 83
75 0,70 81
76 0,70 72
77 0,70 75
78 0,70 64
79 0,70 56
80 0,70 44
81 0,70 40
82 0,70 41
83 0,70 41
84 0,70 46
85 0,70 52
86 0,70 49
87 0,70 56
88 0,70 53
89 0,70 58
90 0,70 61
91 0,70 61
92 0,70 61
93 0,70 58
94 0,70 66
95 0,70 64
96 0,70 62
97 0,70 69
98 0,70 66
99 0,70 64
100 0,70 64
101 0,70 71
102 0,70 69
103 0,70 59
104 0,70 69
105 0,70 58
106 0,70 52
107 0,70 48
108 0,70 40
109 0,70 35
110 0,70 30
111 0,70 29
112 0,70 27
113 0,70 30
114 0,70 27
115 0,70 31
116 0,70 25
117 0,70 30
118 0,70 26
119 0,70 31
120 0,70 26
121 0,70 33
122 0,70 30
123 0,70 35
124 0,70 32
125 0,70 39
126 0,70 34
127 0,70 44
128 0,70 35
129 0,70 41
130 0,70 27
131 0,70 21
132 0,70 16
133 0,70 15
134 0,70 17
135 0,70 17
136 0,70 17
137 0,70 17
138 0,70 17
139 0,70 17
140 0,70 17
141 0,70 17
142 0,70 17
143 0,70 17
1 0,80 799
2 0,80 10
3 0,80 0
4 0,80 0
5 0,80 0
6 0,80 0
7 0,80 0
8 0,80 0
9 0,80 0
10 0,80 0
11 0,80 0
12 0,80 0
1 0,90 912
2 0,90 0
3 0,90 0
4 0,90 0
5 0,90 0
6 0,90 0
7 0,90 0
8 0,90 0
9 0,90 0
10 0,90 0
11 0,90 0
